4294967278,360
4294967278,359
38,5
38,4
38,3
38,2
38,1
38,0
4294967278,358
4294967294,1110
37,4
37,3
37,2
37,1
37,0
4294967278,357
4294967278,356
4294967278,355
36,5
36,4
36,3
36,2
36,1
36,0
35,4
35,3
35,2
35,1
35,0
4294967278,354
4294967278,353
34,5
34,4
34,3
34,2
34,1
34,0
33,4
33,3
33,2
33,1
33,0
4294967278,352
4294967278,351
4294967278,350
4294967278,349
4294967278,348
4294967294,1109
4294967294,1108
32,4
32,3
32,2
32,1
32,0
4294967278,347
31,5
31,4
31,3
31,2
31,1
31,0
4294967278,346
30,4
30,3
30,2
30,1
30,0
29,4
29,3
29,2
29,1
29,0
4294967278,345
4294967278,344
28,7
28,6
28,5
28,4
28,3
28,2
28,1
28,0
27,6
27,5
27,4
27,3
27,2
27,1
27,0
26,6
26,5
26,4
26,3
26,2
26,1
26,0
4294967278,343
4294967278,342
25,5
25,4
25,3
25,2
25,1
25,0
4294967278,341
4294967278,340
4294967278,339
24,7
24,6
24,5
24,4
24,3
24,2
24,1
24,0
23,7
23,6
4294967278,338
23,5
4294967278,337
23,4
23,3
23,2
23,1
23,0
4294967278,336
22,4
22,3
22,2
22,1
22,0
4294967278,335
4294967279,322
4294967278,334
21,6
4294967279,321
4294967278,333
21,5
21,4
21,3
21,2
21,1
21,0
4294967278,332
4294967279,320
4294967279,575
20,5
20,4
20,3
20,2
20,1
20,0
4294967279,574
4294967279,573
4294967278,331
19,5
19,4
19,3
19,2
19,1
19,0
4294967279,572
18,4
18,3
18,2
18,1
18,0
4294967294,734
4294967278,330
4294967279,571
4294967278,329
4294967278,328
4294967279,570
4294967278,327
4294967279,569
4294967279,568
4294967278,326
4294967279,567
4294967278,325
4294967279,566
4294967279,565
4294967278,324
4294967278,323
4294967279,564
17,5
4294967279,563
17,4
4294967278,322
17,3
17,2
17,1
17,0
4294967279,562
16,4
16,3
16,2
16,1
16,0
4294967278,321
4294967279,561
4294967279,560
4294967279,559
4294967279,558
4294967279,557
4294967279,556
15,5
15,4
15,3
15,2
15,1
15,0
4294967279,555
4294967279,554
14,4
14,3
14,2
14,1
14,0
4294967279,553
4294967279,552
4294967279,551
13,4
13,3
13,2
13,1
13,0
4294967279,550
4294967293,131
4294967293,130
4294967293,129
4294967293,128
4294967293,127
4294967293,126
4294967293,125
4294967293,124
4294967293,123
4294967293,122
4294967293,121
4294967293,120
4294967293,119
4294967293,118
4294967293,117
4294967293,116
4294967293,115
4294967293,114
4294967293,113
4294967293,112
4294967293,111
4294967293,110
4294967293,109
4294967293,108
4294967293,107
4294967293,106
4294967293,105
4294967293,104
4294967293,103
4294967293,102
4294967293,101
4294967293,100
4294967293,99
4294967293,98
4294967293,97
4294967293,96
4294967293,95
4294967293,94
4294967293,93
4294967293,92
4294967293,91
4294967293,90
4294967293,89
4294967293,88
4294967293,87
4294967293,86
4294967293,85
4294967293,84
4294967293,83
4294967293,82
4294967293,81
4294967293,80
4294967293,79
4294967293,78
4294967293,77
4294967293,76
4294967293,75
4294967293,74
4294967293,73
4294967293,72
4294967293,71
4294967293,70
4294967293,69
4294967293,68
4294967293,67
4294967293,66
4294967293,65
4294967293,64
4294967293,63
4294967293,62
4294967293,61
4294967293,60
4294967293,59
4294967293,58
4294967293,57
4294967293,56
4294967293,55
4294967293,54
4294967293,53
4294967293,52
4294967293,51
4294967293,50
4294967293,49
4294967293,48
4294967293,47
4294967293,46
4294967293,45
4294967293,44
4294967293,43
4294967293,42
4294967293,41
4294967293,40
4294967293,39
4294967293,38
4294967293,37
4294967293,36
4294967293,35
4294967293,34
4294967293,33
4294967293,32
4294967293,31
4294967293,30
4294967293,29
4294967293,28
4294967293,27
4294967293,26
4294967293,25
4294967293,24
4294967293,23
4294967293,22
4294967293,21
4294967293,20
4294967293,19
4294967293,18
4294967293,17
4294967293,16
4294967293,15
4294967293,14
4294967293,13
4294967293,12
4294967293,11
4294967293,10
4294967293,9
4294967293,8
4294967293,7
4294967293,6
4294967293,5
4294967293,4
4294967293,3
4294967293,2
4294967293,0
4294967278,169
4294967278,92
4294967278,168
4294967278,91
4294967278,167
4294967278,90
4294967278,312
4294967278,166
4294967278,89
4294967278,165
4294967278,87
4294967278,164
4294967278,86
4294967278,311
4294967278,163
4294967278,85
4294967278,162
4294967278,84
4294967278,161
4294967278,83
4294967278,160
4294967278,82
4294967278,159
4294967278,81
4294967278,158
4294967278,80
4294967278,157
4294967278,79
4294967278,156
4294967278,78
4294967278,310
4294967278,155
4294967278,77
4294967278,309
4294967278,154
4294967278,76
4294967278,153
4294967278,75
4294967278,152
4294967278,74
4294967278,151
4294967278,73
4294967278,308
4294967278,150
4294967278,72
4294967278,149
4294967278,71
4294967278,307
4294967278,148
4294967278,70
4294967278,147
